$ 1 0.000005 10.20027730826997 50 5 43 5e-11
a 112 -208 192 -208 8 15 -15 1000000 0 0 100000
w 256 -336 256 -208 0
w 112 -224 112 -272 0
g 112 -192 112 -144 0 0
w 112 -224 80 -224 0
r 192 -336 256 -336 0 22000
r 48 -224 -32 -224 0 47000
w 256 -336 256 -368 0
w 256 -368 80 -368 0
c 48 -336 48 -272 0 4.7e-11 0 0.001
w 48 -336 48 -368 0
w 48 -368 80 -368 0
w 48 -224 48 -272 0
w 80 -224 48 -224 0
207 256 -208 288 -208 4 OUT
207 112 -272 112 -304 4 GAIN\s-
w 256 -208 192 -208 0
207 192 -336 160 -336 4 GAIN\s>
207 -32 -224 -64 -224 4 IN
