$ 1 0.000005668934240362812 382.76258214399064 99 5 43 5e-11
w -144 -1312 -160 -1312 0
w -272 -1328 -304 -1328 0
w -240 -1328 -272 -1328 0
g -240 -1296 -240 -1248 0 0
w -240 -1328 -240 -1408 0
a -240 -1312 -160 -1312 8 15 -15 1000000 0.000021200799457868633 0 100000
R -560 -1296 -608 -1296 0 1 1000 5 0 0 0.5
w -144 -1312 -144 -1408 0
w -48 -1344 32 -1344 0
174 -560 -1360 -560 -1312 1 10000 0.45050000000000007 CH1 VOLUME
g -560 -1360 -560 -1376 0 0
r 208 -1408 128 -1408 0 10000
r 208 -1280 128 -1280 0 10000
r 128 -1408 48 -1408 0 50000
r 128 -1280 48 -1280 0 50000
w 32 -1344 48 -1408 0
w 32 -1344 48 -1280 0
w 128 -1312 128 -1280 0
w 128 -1376 128 -1408 0
g 96 -1344 80 -1344 0 0
w 208 -1408 256 -1408 0
w 208 -1280 256 -1280 0
207 256 -1408 304 -1408 4 CH1\sL
207 256 -1280 304 -1280 4 CH1\sR
r 656 -1344 720 -1344 0 100000
r 656 -1296 720 -1296 0 100000
r 656 -1248 720 -1248 0 100000
w 720 -1248 720 -1296 0
w 720 -1296 720 -1344 0
w 720 -1344 784 -1344 0
a 784 -1328 864 -1328 8 12 -12 1000000 -0.000022203379577176793 0 100000
g 784 -1312 784 -1280 0 0
w 816 -1376 864 -1328 0
w 784 -1344 784 -1408 0
a 928 -1312 1008 -1312 8 12 -12 1000000 0.000022202935518466424 0 100000
r 864 -1328 928 -1328 0 100000
w 928 -1328 928 -1376 0
r 928 -1376 992 -1376 0 100000
w 992 -1376 1008 -1376 0
w 1008 -1376 1008 -1312 0
w 1008 -1312 1040 -1312 0
r 1040 -1312 1088 -1312 0 1000
w 1088 -1312 1152 -1312 0
g 928 -1296 928 -1280 0 0
207 656 -1344 608 -1344 4 CH1\sL
g 928 -992 928 -976 0 0
w 1088 -1008 1152 -1008 0
r 1040 -1008 1088 -1008 0 1000
w 1008 -1008 1040 -1008 0
w 1008 -1072 1008 -1008 0
w 992 -1072 1008 -1072 0
w 928 -1024 928 -1072 0
r 864 -1024 928 -1024 0 100000
a 928 -1008 1008 -1008 8 12 -12 1000000 0.000009842694977768344 0 100000
w 784 -1040 784 -1104 0
w 816 -1120 864 -1024 0
r 928 -1072 992 -1072 0 100000
g 784 -1008 784 -976 0 0
a 784 -1024 864 -1024 8 12 -12 1000000 -0.000009842891831667899 0 100000
w 720 -1040 784 -1040 0
w 720 -992 720 -1040 0
w 720 -944 720 -992 0
r 656 -944 720 -944 0 100000
r 656 -992 720 -992 0 100000
r 656 -1040 720 -1040 0 100000
207 656 -1296 608 -1296 4 CH2\sL
207 656 -1248 608 -1248 4 CH3\sL
207 656 -944 608 -944 4 CH3\sR
207 656 -992 608 -992 4 CH2\sR
207 656 -1040 608 -1040 4 CH1\sR
207 256 -944 304 -944 4 CH2\sR
207 256 -1072 304 -1072 4 CH2\sL
w 208 -944 256 -944 0
w 208 -1072 256 -1072 0
g 96 -1008 80 -1008 0 0
w 128 -1040 128 -1072 0
w 128 -976 128 -944 0
w 32 -1008 48 -944 0
w 32 -1008 48 -1072 0
r 128 -944 48 -944 0 50000
r 128 -1072 48 -1072 0 50000
r 208 -944 128 -944 0 10000
r 208 -1072 128 -1072 0 10000
g -544 -1024 -544 -1040 0 0
174 -544 -1024 -544 -976 1 10000 0.005 CH2 VOLUME
w -144 -976 -144 -1072 0
R -544 -960 -592 -960 0 4 200 5 0 0 0.5
a -240 -976 -160 -976 8 15 -15 1000000 -1.2918475756309792e-7 0 100000
w -240 -992 -240 -1072 0
g -240 -960 -240 -912 0 0
w -144 -976 -160 -976 0
w -128 -624 -144 -624 0
w -224 -640 -256 -640 0
g -224 -608 -224 -560 0 0
w -224 -640 -224 -720 0
a -224 -624 -144 -624 8 15 -15 1000000 0.00004918182660566758 0 100000
R -544 -608 -592 -608 0 2 500 5 0 0 0.5
w -128 -624 -128 -720 0
w -32 -656 48 -656 0
174 -544 -672 -544 -624 1 10000 0.9851000000000001 CH3 VOLUME
r 224 -720 144 -720 0 10000
r 224 -592 144 -592 0 10000
r 144 -720 64 -720 0 50000
r 144 -592 64 -592 0 50000
w 48 -656 64 -720 0
w 48 -656 64 -592 0
w 144 -624 144 -592 0
w 144 -688 144 -720 0
g 112 -656 96 -656 0 0
w 224 -720 272 -720 0
207 272 -720 320 -720 4 CH3\sL
207 272 -592 320 -592 4 CH3\sR
x 96 -1484 143 -1481 4 24 PAN
x -270 -826 -157 -823 4 24 CH3\sGAIN
x -593 -1473 -492 -1470 4 24 VOLUME
x -593 -916 -492 -913 4 24 VOLUME
x 776 -1460 834 -1457 4 24 LEFT
x 802 -1184 876 -1181 4 24 RIGHT
x 798 -831 864 -828 4 24 BOTH
r 672 -704 736 -704 0 100000
r 672 -656 736 -656 0 100000
w 736 -656 736 -704 0
a 800 -688 880 -688 8 12 -12 1000000 -0.00003125467242583489 0 100000
w 848 -752 880 -688 0
w 800 -704 800 -768 0
w 800 -768 816 -768 0
a 944 -672 1024 -672 8 12 -12 1000000 0.00003125404734488799 0 100000
r 880 -688 944 -688 0 100000
w 944 -688 944 -736 0
r 944 -736 1008 -736 0 100000
w 1008 -736 1024 -736 0
w 1024 -736 1024 -672 0
w 1024 -672 1056 -672 0
r 1056 -672 1104 -672 0 1000
g 944 -656 944 -640 0 0
207 1152 -1312 1200 -1312 4 LEFT\sOUT
207 1152 -1008 1200 -1008 4 RIGHT\sOUT
207 672 -704 608 -704 4 LEFT\sOUT
207 672 -656 608 -656 4 RIGHT\sOUT
207 1104 -672 1152 -672 4 BOTH\sOUT
r -240 -1408 -144 -1408 0 100000
r -240 -1072 -144 -1072 0 100000
r -224 -720 -128 -720 0 100000
w 272 -592 224 -592 0
w -64 -976 32 -1008 0
g -544 -672 -544 -704 0 0
r -400 -1328 -304 -1328 0 100000
r -384 -992 -240 -992 0 100000
r -256 -640 -384 -640 0 100000
r -144 -1312 -48 -1344 0 1000
r -144 -976 -64 -976 0 1000
r -128 -624 -32 -656 0 1000
174 128 -1312 96 -1360 1 100000 0.9950000000000001 CH1 PAN
174 128 -976 96 -1024 1 100000 0.005 CH2 PAN
174 144 -624 112 -672 1 100000 0.005 CH3 PAN
211 1104 -576 1200 -576 0 5 22050 1
s -400 -1328 -544 -1328 0 0 false
s -384 -992 -528 -992 0 0 false
s -384 -640 -528 -640 0 0 false
w 1104 -672 1104 -576 0
174 784 -1136 832 -1120 1 100000 0.9851000000000001 RIGHT VOLUME
g 848 -1136 880 -1136 0 0
174 784 -1408 848 -1376 1 100000 0.9950000000000001 LEFT VOLUME
w 784 -1136 784 -1104 0
174 816 -768 864 -752 1 100000 0.9851000000000001 MASTER VOLUME
g 880 -768 896 -768 0 0
w 736 -704 800 -704 0
g 800 -672 800 -624 0 0
g 848 -1408 864 -1408 0 0
o 135 8 0 x8901a 2.5 0.1 0 2 1 0 135 3 0.05 0
o 136 8 0 x8901a 0.3125 0.1 1 2 1 2 136 3 0.05 0
o 139 8 0 36874 6.000000004456209 0.0001 2 2 139 3
