$ 1 0.000005 10.20027730826997 50 5 43 5e-11
w 832 224 832 272 0
207 992 336 1056 336 4 OUT
w 912 336 992 336 0
r 832 336 912 336 0 1000
w 832 272 832 336 0
w 736 320 736 224 0
w 736 320 688 320 0
w 688 432 688 320 0
w 688 544 688 432 0
r 656 544 592 544 0 100000
w 592 544 528 544 0
w 656 544 688 544 0
r 656 432 592 432 0 100000
w 592 432 528 432 0
w 656 432 688 432 0
w 656 320 688 320 0
w 592 320 528 320 0
r 656 320 592 320 0 100000
g 736 352 736 368 0 0
a 736 336 832 336 8 15 -15 1000000 0 0 100000
207 528 320 448 320 4 CH1
207 528 432 448 432 4 CH2
207 528 544 448 544 4 CH3
207 736 224 736 176 4 GAIN\s-
207 832 224 832 176 4 GAIN\s>
