$ 1 0.000005 10.20027730826997 50 5 43 5e-11
R -656 352 -704 352 0 1 1000 5 -5 0 0.5
c -96 432 -96 496 0 1e-8 -0.05950907711140289 0.001
c -80 864 -80 928 0 1e-8 -0.45304505620307906 0.001
c -224 1072 -144 1072 0 1e-8 0.059510766248577276 0.001
g -448 1072 -480 1072 0 0
R -384 1072 -352 1072 0 0 40 10 0 0 0.5
174 -384 1072 -448 1120 1 1000 0.9950000000000001 CV
w -416 1216 -416 1120 0
207 240 1248 320 1248 4 LEFT\sGAIN\sCONTROL
w 32 1248 240 1248 0
R 0 1376 0 1424 0 0 40 -12 0 0 0.5
g -96 1376 -96 1408 0 0
w -48 1328 -48 1264 0
174 -96 1376 -16 1328 1 1000 0.46040000000000003 Left Channel Zero Volume Adjust
w 32 1248 32 1168 0
w -48 1168 -48 1232 0
r -48 1168 32 1168 0 4700
a -48 1248 32 1248 8 12 -12 1000000 -5.524690101299685 -5.5248 100000
r -112 1232 -48 1232 0 4700
w -144 1232 -112 1232 0
207 -16 1136 48 1136 4 RIGHT\sGAIN\sCONTROL
207 -128 976 -160 976 4 LEFT\sGAIN\sCONTROL
207 -144 544 -176 544 4 RIGHT\sGAIN\sCONTROL
w -144 1136 -16 1136 0
g -224 1328 -224 1360 0 0
r -224 1248 -224 1328 0 2200
207 -432 1216 -464 1216 4 CV
w -320 1216 -416 1216 0
r -256 1216 -320 1216 0 4700
w -224 1216 -256 1216 0
w -224 1136 -224 1072 0
w -144 1072 -144 1136 0
w -144 1136 -144 1232 0
r -224 1136 -144 1136 0 5600
w -224 1216 -224 1136 0
a -224 1232 -144 1232 8 12 -12 1000000 5.95101711468658e-7 0 100000
w -352 816 -336 816 0
w -352 384 -352 816 0
w -432 384 -352 384 0
r -336 816 -240 816 0 10000
r -240 816 -240 880 0 330
g -240 880 -240 896 0 0
t -208 816 -144 816 0 1 -5.836132613299718 0.5966529213286207 100 default
w -208 816 -240 816 0
t -48 816 -112 816 0 1 -5.979857667709459 0.45303175553181324 100 default
w -144 832 -128 864 0
w -128 864 -112 832 0
r -128 864 -128 912 0 10000
w -128 864 -80 864 0
g -80 928 -80 944 0 0
w -128 912 -128 976 0
r -48 816 0 816 0 330
g 0 816 16 816 0 0
w -144 800 -144 736 0
w -112 736 -112 800 0
w -112 736 -112 704 0
r -112 704 -112 640 0 10000
r -144 704 -144 640 0 10000
w -144 704 -144 736 0
w -144 640 -112 640 0
w -112 640 -112 624 0
R -112 624 -112 608 0 0 40 12 0 0 0.5
a 80 720 160 720 8 12 -12 1000000 5.97974047842526 5.9798443670381936 100000
w -144 704 80 704 0
w 80 736 -112 736 0
r 80 624 160 624 0 10000
w 160 624 160 720 0
w 80 704 80 624 0
c 80 544 160 544 0 1e-10 -4.409120814885462 0.001
w 80 544 80 624 0
w 160 624 160 544 0
r 80 736 80 784 0 10000
g 80 784 80 800 0 0
w 160 720 224 720 0
c 224 720 272 720 0 0.000001 0.0009999993292879594 0.001
w 336 720 400 720 0
r 336 720 272 720 0 1000
r 320 288 256 288 0 1000
w 320 288 384 288 0
c 208 288 256 288 0 0.000001 0.0009999982408403008 0.001
w 144 288 208 288 0
g 64 352 64 368 0 0
r 64 304 64 352 0 10000
w 144 192 144 112 0
w 64 112 64 192 0
c 64 112 144 112 0 1e-10 5.999997070482449 0.001
w 64 272 64 192 0
w 144 192 144 288 0
r 64 192 144 192 0 10000
w 64 304 -128 304 0
w -160 272 64 272 0
a 64 288 144 288 8 12 -12 1000000 5.99999993418295 5.999999934211588 100000
R -128 192 -128 176 0 0 40 12 0 0 0.5
w -128 208 -128 192 0
w -160 208 -128 208 0
w -160 272 -160 304 0
r -160 272 -160 208 0 10000
r -128 272 -128 208 0 10000
w -128 304 -128 272 0
w -128 304 -128 368 0
w -160 368 -160 304 0
g -16 384 0 384 0 0
r -64 384 -16 384 0 330
w -144 480 -144 544 0
g -96 496 -96 512 0 0
w -144 432 -96 432 0
r -144 432 -144 480 0 10000
w -144 432 -128 400 0
w -160 400 -144 432 0
t -64 384 -128 384 0 1 -5.9999999322017485 0.059509079121242515 100 default
w -224 384 -256 384 0
t -224 384 -160 384 0 1 -5.8530600804697395 0.20644893082461424 100 default
g -256 448 -256 464 0 0
r -256 384 -256 448 0 330
r -352 384 -256 384 0 10000
w -480 384 -432 384 0
g -496 336 -496 304 0 0
174 -496 336 -480 416 1 10000 0.9950000000000001 CHANNEL VOLUME
c -592 432 -496 432 0 0.0000049999999999999996 -5.078547299726044 0.001
R -656 464 -704 464 0 2 1000 5 -5 0 0.5
w -656 352 -592 432 0
R -656 560 -704 560 0 4 1000 5 -5 0 0.5
o 78 4 0 36874 0.0048828125 0.1 0 2 78 3
o 75 4 0 36874 20 0.1 1 2 75 3
