$ 1 0.000005 382.76258214399064 99 5 43 5e-11
a 672 464 784 464 9 15 -15 1000000 0.000019651886499015318 0 100000
g 672 448 640 448 0 0
r 672 480 560 480 0 200000
R 512 528 512 576 0 0 40 12 0 0 0.5
174 448 528 512 480 1 100000 0.9950000000000001 CV
g 448 528 448 560 0 0
w 560 480 480 480 0
r 672 544 752 544 0 33000
w 752 544 784 544 0
w 784 544 784 464 0
w 672 480 672 544 0
r 784 464 896 464 0 10000
t 816 368 864 368 0 1 -3.6141165020783843 0.5245629750503711 100 default
t 976 368 928 368 0 1 -3.485038352273642 0.5295443332961522 100 default
w 896 416 864 416 0
w 864 416 864 384 0
w 896 416 928 416 0
w 928 416 928 384 0
r 816 416 816 368 0 100
g 816 416 816 432 0 0
w 816 368 784 368 0
r 784 368 720 368 0 100000
w 720 368 512 368 0
R 512 368 432 368 0 2 40 5 0 0 0.5
r 928 272 928 224 0 100000
r 864 272 864 224 0 100000
R 864 224 864 176 0 0 40 12 0 0 0.5
R 928 224 928 176 0 0 40 12 0 0 0.5
w 976 368 1024 368 0
r 1072 368 1024 368 0 100000
r 976 368 976 400 0 100
g 976 400 976 416 0 0
174 1040 416 1104 368 1 100000 0.5 OFFSET
R 1040 416 1040 464 0 0 40 12 0 0 0.5
R 1104 416 1104 464 0 0 40 -12 0 0 0.5
a 1072 304 1184 304 9 15 -15 1000000 3.4124154780826457 3.4123571805734176 100000
r 1040 288 992 288 0 10000
r 1040 320 992 320 0 10000
w 1072 320 1040 320 0
w 1040 288 1072 288 0
w 992 288 928 288 0
w 992 320 864 320 0
w 928 272 928 288 0
w 928 288 928 352 0
w 864 352 864 320 0
w 864 320 864 272 0
r 1072 192 1072 240 0 470000
w 1072 240 1072 288 0
g 1072 192 1072 176 0 0
r 1200 352 1136 352 0 470000
w 1136 352 1072 352 0
w 1072 352 1072 320 0
w 1184 304 1200 304 0
w 1200 304 1200 352 0
w 1200 304 1232 304 0
r 1232 304 1312 304 0 1000
207 1312 304 1376 304 4 OUT
207 512 368 512 304 4 SIG
207 480 480 400 480 4 SIGNAL
w 896 416 896 464 0
w 896 464 896 544 2
x 1055 445 1089 448 4 16 100k
x 463 557 497 560 4 16 100k
o 56 256 0 45067 5.849654753028474 0.0001 0 2 56 3
