$ 1 0.000005 81.92041607667615 50 5 43 5e-11
r 560 272 560 320 0 10000
R 560 272 560 256 0 0 40 12 0 0 0.5
r 560 384 560 432 0 1000
R 560 432 560 464 0 0 40 -12 0 0 0.5
w 576 352 608 352 0
r 608 352 656 352 0 100000
w 656 352 688 352 0
a 720 544 800 544 8 15 -15 1000000 -0.0000012189505431335978 0 100000
w 688 528 688 352 0
w 720 528 688 528 0
w 688 528 688 608 0
w 688 608 640 608 0
r 592 608 640 608 0 100000
g 720 560 720 624 0 0
w 720 528 720 480 0
r 720 480 800 480 0 2000
w 800 480 800 544 0
x 735 426 971 429 4 24 Tempco\s2k\s\p3300ppm
w 800 544 848 544 0
w 848 544 848 576 0
174 848 576 848 640 1 100000 0.5594 Resistance
g 848 640 848 672 0 0
w 864 608 960 608 0
a 928 848 1008 848 8 15 -15 1000000 0.000005686539077299827 0 100000
w 928 864 912 864 0
w 912 864 912 896 0
g 912 896 912 912 0 0
c 928 784 1008 784 0 1e-9 0.56865959426906 0.001
w 1008 784 1008 848 0
w 928 832 928 784 0
r 1008 784 1008 704 0 10000
t 960 608 992 608 0 1 0.05074359946811245 0.48116664430234707 100 default
t 1056 608 1024 608 0 1 -9.191871643527941 0.4304173582951573 100 default
w 992 624 992 656 0
w 992 656 1008 704 0
w 1008 704 1024 656 0
w 1024 656 1024 624 0
g 1056 608 1072 608 0 0
w 992 592 992 576 0
w 992 576 928 576 0
w 928 576 928 784 0
r 992 576 992 512 0 1000000
R 992 512 992 480 0 0 40 12 0 0 0.5
w 1024 592 1024 480 0
174 1024 384 1024 448 1 100000 0.5891000000000001 Resistance
w 1040 416 1056 416 0
w 1056 416 1056 384 0
w 1056 384 1024 384 0
w 1024 384 1024 352 0
c 1024 352 1024 288 0 2.2000000000000003e-9 -2.7388176842293284 0.001
R 1024 288 1024 240 0 0 40 12 0 0 0.5
d 1136 352 1024 352 2 default
w 1024 480 1024 448 0
w 1024 480 1136 480 0
a 1232 352 1136 352 9 15 -15 1000000 9.191779725730683 1.9851563468324627 100000
w 1136 352 1136 288 0
r 1136 288 1232 288 0 220000
w 1232 288 1232 336 0
r 1232 288 1312 288 0 47000
r 1312 288 1312 240 0 10000
r 1312 336 1312 288 0 10000
g 1312 336 1312 352 0 0
R 1312 240 1312 208 0 0 40 12 0 0 0.5
a 1136 496 1216 496 9 15 -15 1000000 9.191779725730683 9.191871643527941 100000
w 1136 512 1136 544 0
w 1136 544 1216 544 0
w 1216 544 1216 496 0
w 1232 368 1232 496 0
w 1232 496 1216 496 0
w 1232 496 1280 496 0
c 1280 496 1328 496 0 0.00001 7.2302429705108535 0.001
r 1328 496 1328 560 0 100000
g 1328 560 1328 576 0 0
w 1328 496 1440 496 0
R 448 576 400 576 0 0 40 1 0 0 0.5
R 448 608 400 608 0 0 40 2 0 0 0.5
R 448 640 400 640 0 0 40 3 0 0 0.5
R 448 672 400 672 0 0 40 4 0 0 0.5
R 448 704 400 704 0 0 40 5 0 0 0.5
w 592 608 448 544 0
174 560 320 560 384 1 100000 0.7871 Resistance
x 815 154 1039 157 4 24 Not\squite\sworking\syet
o 66 8 0 36874 20 0.1 0 2 66 3
