$ 1 0.0000026041666666666666 382.76258214399064 82 5 43 5e-11
a 304 496 400 496 9 15 -15 1000000 3.3272557915080037 3.327288415105978 100000
w 304 480 240 480 0
w 240 480 192 480 0
r 192 480 128 480 0 60000.8
w 304 512 224 512 0
w 224 512 192 512 0
r 192 512 128 512 0 50000.5
w 128 480 112 480 0
w 112 480 112 496 0
w 112 496 112 512 0
w 112 512 128 512 0
w 112 496 32 496 0
207 32 496 -32 496 4 CV\sIN
207 1040 160 1088 160 4 CV\sIN
174 1088 112 1008 160 1 100000 0.797 CV
R 992 112 960 112 0 0 40 12 0 0 0.5
g 1088 112 1104 112 0 0
w 400 496 400 560 0
c 400 560 304 560 0 4.4000000000000005e-9 -0.06489599405241275 0.001
w 304 560 304 512 0
r 240 560 240 656 0 51000
w 240 560 240 480 0
t 336 672 304 672 0 1 -18.32808061387844 -15.000825300987827 100 default
w 304 688 240 688 0
w 240 688 240 656 0
g 240 688 240 736 0 0
w 400 496 464 496 0
368 32 496 32 432 0 0
a 544 480 640 480 9 15 -15 1000000 3.262359797455591 -5.000275416156111 100000
w 544 496 464 496 0
r 544 464 480 464 0 51000
r 480 352 480 432 0 100000
w 480 432 480 464 0
R 480 352 480 320 0 0 40 12 0 0 0.5
r 608 528 544 528 0 100000
w 544 528 480 528 0
w 480 528 480 464 0
w 608 528 640 528 0
w 640 528 640 480 0
r 480 592 480 624 0 100000
R 480 624 480 640 0 0 40 -12 0 0 0.5
w 336 672 432 672 0
r 432 672 528 672 0 51000
w 640 528 640 672 0
w 640 672 528 672 0
a 704 496 800 496 9 15 -15 1000000 -15.000000067618089 -15.000826248521362 100000
a 704 576 800 576 9 15 -15 1000000 3.262327174183849 3.262359797455591 100000
w 480 528 480 592 0
w 400 560 704 560 0
w 800 576 800 624 0
w 800 624 704 624 0
w 704 624 704 592 0
w 800 576 848 576 0
w 704 512 704 528 0
w 704 528 800 528 0
w 800 528 800 496 0
w 704 480 640 480 0
w 800 496 848 496 0
r 848 496 896 496 0 1000
r 848 576 896 576 0 560
368 800 624 800 656 0 0
w 304 608 304 560 0
x 752 380 853 383 4 24 SQUARE
x 746 738 866 741 4 24 TRIANGLE
w 896 496 960 496 0
w 896 576 960 576 0
w 960 496 960 576 0
r 304 608 304 656 0 22000
403 784 -320 1072 -112 0 60_8_0_45070_5.043641682450689_0.0001_-1_2_60_3
207 800 432 864 432 4 SQUARE
207 800 624 864 624 4 TRIANGLE
207 1824 432 1776 432 4 TRIANGLE
a 1824 448 1920 448 9 15 -15 1000000 3.2622945512383366 3.262327174183849 100000
w 1824 464 1824 496 0
w 1920 496 1920 448 0
r 2016 448 2080 448 0 200
s 1840 64 1920 64 0 1 false
g 1872 192 1872 208 0 0
409 2320 624 2448 624 1 0.6 -15.26332315368657 0.0231 0
R 2384 592 2384 560 0 0 40 12 0 0 0.5
R 2384 656 2384 688 0 0 40 -12 0 0 0.5
w 2320 608 2240 608 0
w 2320 608 2320 528 0
w 2448 624 2448 528 0
g 2320 640 2304 640 0 0
r 2032 592 2096 592 0 1000
w 1920 640 1920 592 0
w 1824 640 1920 640 0
w 1824 608 1824 640 0
a 1824 592 1920 592 9 15 -15 1000000 -14.999850069117397 -15.000000067618089 100000
207 1824 576 1776 576 4 SQUARE
a 1824 752 1920 752 9 15 -15 1000000 8.12622968959446 8.126310951891355 100000
w 1824 768 1824 800 0
w 1824 800 1920 800 0
w 1920 800 1920 752 0
r 2032 752 2096 752 0 1000
207 1824 736 1744 736 4 SAW
w 2448 624 2528 624 0
211 2528 624 2608 624 0 10.8 48000 1
207 1392 512 1456 512 4 SAW
a 1296 560 1392 560 9 15 -15 1000000 8.126395350206312 8.126476613315832 100000
r 1296 544 1216 544 0 100000
r 1296 576 1216 576 0 100000
t 1248 480 1296 480 1 1 -23.126476166629445 -14.999999553313614 100 default
g 1296 464 1296 448 0 0
r 1248 480 1184 480 0 22000
207 1184 480 1072 480 4 SQUARE
w 1216 544 1216 560 0
w 1216 560 1216 576 0
207 1104 576 1072 576 4 TRIANGLE
w 1392 512 1392 560 0
r 1392 640 1296 640 0 100000
w 1392 640 1392 560 0
w 1296 640 1296 576 0
403 1088 -320 1392 -96 0 99_8_0_45067_9.94508051557932_0.0001_-1_2_99_3
x 1273 397 1326 400 4 24 SAW
w 1296 496 1296 544 0
c 1104 576 1184 576 0 0.00001 -4.864152574427262 0.001
r 1184 576 1184 640 0 1000
R 1184 640 1184 688 0 0 40 5 0 0 0.5
w 1184 576 1216 576 0
x 960 47 1124 50 4 24 Control\sVoltage
w 1824 496 1920 496 0
x 986 76 1085 79 4 16 \p/-\sFrequency
207 1840 64 1808 64 4 TI
207 1920 64 1952 64 4 TO
207 2080 448 2128 448 4 TI
207 2240 608 2208 608 4 TO
207 1712 64 1744 64 4 SQO
207 1632 64 1600 64 4 SQI
s 1632 64 1712 64 0 1 false
207 2128 64 2160 64 4 SWO
207 2048 64 2016 64 4 SWI
s 2048 64 2128 64 0 1 false
w 2240 608 2240 640 0
w 2240 640 2240 672 0
207 2240 640 2208 640 4 SQO
207 2240 672 2208 672 4 SWO
207 2096 592 2128 592 4 SQI
207 2096 752 2128 752 4 SWI
x 1636 21 1713 24 4 24 Square
x 1837 21 1922 24 4 24 Triangle
x 2066 21 2112 24 4 24 Saw
x 1647 86 1693 89 4 16 On/Off
x 1858 86 1904 89 4 16 On/Off
x 2072 90 2118 93 4 16 On/Off
x 1863 -55 2117 -52 4 36 ACTIVE\sMIXER
w 800 432 800 496 0
207 1824 128 1792 128 4 vTI
207 1920 160 1920 192 4 vTO
207 2016 448 1984 448 4 vTO
207 1920 448 1952 448 4 vTI
207 1920 592 1952 592 4 vSQI
207 2032 592 2000 592 4 VSQO
g 1680 192 1680 208 0 0
174 1680 192 1728 144 1 1000 0.9851000000000001 Square Ch.
207 1728 160 1728 192 4 VSQO
207 1680 128 1648 128 4 vSQI
207 2128 160 2128 192 4 vSWO
207 2080 128 2048 128 4 vSWI
g 2080 192 2080 208 0 0
174 2080 192 2128 144 1 1000 0.9851000000000001 Saw Ch.
207 2032 752 2000 752 4 vSWO
207 1920 752 1952 752 4 vSWI
207 2480 112 2448 112 4 gainA
207 2528 80 2560 80 4 gainB
207 2448 528 2416 528 4 gainB
207 2320 528 2352 528 4 gainA
x 2476 13 2526 16 4 24 Gain
x 1007 -11 1085 -8 4 36 VCO
403 464 -320 768 -112 0 69_8_0_45067_15.099587967376594_0.0012896077836410044_-1_2_69_3
174 1872 192 1920 144 1 1000 0.9851000000000001 Triangle Ch.
174 2480 112 2528 64 1 1000 0.48020000000000007 GAIN
r 1824 128 1872 128 0 200
c 1152 928 1152 960 0 0.000001 0.37001320299836155 0.001
r 1152 928 1104 928 0 1500
g 1152 960 1152 976 0 0
w 992 976 1088 976 0
w 1088 976 1088 928 0
w 992 944 992 976 0
a 992 928 1088 928 9 15 -15 1000000 3.2622945512383366 3.262327174183849 100000
207 992 912 944 912 4 TRIANGLE
w 1088 928 1104 928 0
w 1152 928 1216 928 0
207 1536 960 1648 960 4 SINE
x 1264 813 1320 816 4 24 SINE
207 1920 896 1952 896 4 vSGI
207 2032 896 2000 896 4 vSGO
207 2096 896 2144 896 4 SGI
r 2032 896 2096 896 0 700
w 1920 944 1920 896 0
w 1824 944 1920 944 0
w 1824 912 1824 944 0
a 1824 896 1920 896 9 15 -15 1000000 -5.4572348499119325 -5.457289422260432 100000
207 1824 880 1760 880 4 SINE
207 2240 704 2208 704 4 SGO
w 2240 704 2240 672 0
174 2288 192 2336 144 1 1000 0.9752000000000001 Sign Ch.
g 2288 192 2288 208 0 0
207 2288 128 2256 128 4 vSGI
207 2336 160 2336 192 4 vSGO
x 2280 90 2326 93 4 16 On/Off
x 2274 21 2322 24 4 24 Sine
s 2256 64 2336 64 0 0 false
207 2256 64 2224 64 4 SGI
207 2336 64 2368 64 4 SGO
403 1424 -336 1728 -96 0 184_8_0_45067_7.690916121519358_0.0001_-1_2_184_3
g 1408 976 1392 976 0 0
r 1408 944 1328 944 0 1000
w 1408 944 1408 848 0
w 1536 848 1536 960 0
w 1312 944 1328 944 0
a 1216 944 1312 944 9 15 -15 1000000 0.3700095029033325 0.37001320299836155 100000
w 1312 992 1312 944 0
w 1216 992 1312 992 0
w 1216 960 1216 992 0
409 1408 960 1536 960 1 0.6 -2.799820412586418 0.0231 0
R 1472 928 1456 912 0 0 40 12 0 0 0.5
r 1408 848 1536 848 0 15000
R 1472 992 1472 1024 0 0 40 -9 0 0 0.5
g 2864 336 2864 352 0 0
409 416 1008 544 1008 1 0.6 -13.32822512180123 0.0231 0
R 480 976 480 912 0 0 40 12 0 0 0.5
R 480 1040 480 1120 0 0 40 -12 0 0 0.5
c 512 848 432 848 0 5e-9 1.8591110585198345 0.001
w 432 848 384 848 0
w 384 880 384 992 0
w 384 992 416 992 0
w 544 1008 544 880 0
w 544 848 528 848 0
w 512 848 528 848 0
w 384 992 336 992 0
r 336 992 240 992 0 40000
207 240 992 160 992 4 SQUARE
w 544 1008 640 1008 0
w 384 880 384 848 0
w 544 880 544 848 0
r 544 880 384 880 0 20000
r 416 1024 416 1088 0 20000
g 416 1088 416 1120 0 0
o 234 8 0 45066 10.999691285732021 0.0001 0 2 234 3
o 233 16 0 45067 15.099587967376594 0.0027447988124678253 1 2 233 3
38 98 F1 0 0 20 -1 Duration
38 232 F1 0 1 100000 -1 Resistance
