$ 1 0.000002834467120181406 382.76258214399064 99 5 43 5e-11
207 864 336 912 336 4 square
a 496 800 592 800 9 5 -5 1000000 -0.000007713349367550967 0 100000
g 496 784 480 784 0 0
r 448 816 400 816 0 100000
r 448 864 400 864 0 330000
w 448 816 464 816 0
w 464 816 496 816 0
w 464 816 464 864 0
w 464 864 448 864 0
w 464 864 496 864 0
r 496 864 592 864 0 51000
w 592 864 592 800 0
174 128 832 144 880 1 200000 0.49010000000000004 Saw Adjust
w 208 896 208 864 0
w 320 864 400 864 0
R 128 832 80 832 0 0 40 -12 0 0 0.5
r 672 784 624 784 0 100000
r 672 816 624 816 0 100000
w 624 816 592 800 0
w 592 800 624 784 0
a 704 800 800 800 9 5 -5 1000000 0.050772812108939414 0.05076611421581404 100000
w 672 784 704 784 0
w 704 816 672 816 0
r 784 864 736 864 0 100000
w 736 864 704 864 0
w 704 864 704 816 0
w 784 864 800 864 0
w 800 864 800 800 0
r 800 800 848 800 0 1000
207 848 800 896 800 4 saw
w 704 784 704 736 0
g 624 704 624 720 0 0
w 624 672 704 672 0
w 704 672 704 736 0
r 592 688 528 688 0 3000000
w 144 864 208 864 0
w 128 896 208 896 0
a 256 432 352 432 9 5 -5 1000000 0 2.428475424380963 100000
r 256 336 352 336 0 200000
w 352 336 352 432 0
w 256 416 256 336 0
g 256 448 256 480 0 0
w 256 416 224 416 0
R 144 416 112 416 0 0 40 -5 0 0 0.5
174 416 432 480 432 1 1000000 0.9653 Fine
w 448 416 448 400 0
w 448 400 400 400 0
w 400 400 400 432 0
w 400 432 416 432 0
w 400 432 352 432 0
174 512 528 528 464 1 1000000 0.18320000000000003 Course
w 512 464 512 432 0
w 512 432 480 432 0
r 512 528 512 576 0 220
g 512 576 512 592 0 0
w 528 496 560 496 0
r 560 496 608 496 0 1000000
a 608 480 704 480 9 5 -5 1000000 -0.000012911612237878452 0 100000
g 608 464 608 448 0 0
w 608 496 608 544 0
c 656 576 704 576 0 3.2999999999999998e-9 -1.291174135400083 0.001
w 704 544 704 480 0
w 704 480 736 480 0
r 736 480 736 528 0 10000
r 736 480 784 480 0 2000
g 736 528 736 544 0 0
r 480 304 576 304 0 100000
w 704 480 704 304 0
w 704 304 576 304 0
w 480 304 256 304 0
w 256 304 256 336 0
w 352 336 576 336 0
r 576 336 624 336 0 10000
r 576 336 576 400 0 9100
g 576 400 576 416 0 0
w 784 480 800 480 0
w 960 480 992 480 0
207 992 480 1040 480 4 triangle
207 352 336 448 368 4 a_square
207 528 688 496 688 4 a_square
t 592 688 624 688 0 1 0.42573928893311797 0.476505403148932 100 default
207 704 304 752 304 4 b_triangle
207 400 816 352 816 4 b_triangle
w 208 864 320 864 0
w 208 416 224 416 0
r 144 416 208 416 0 5000000
w 608 576 608 544 0
w 704 544 704 576 0
211 848 800 896 736 0 5 44100 1
211 960 480 1008 416 0 5 44100 1
211 864 336 912 352 0 5 44100 1
x 361 234 644 237 4 24 Square/Triangle/Saw\s\sLFO
x 722 580 757 583 4 18 LFO
w 800 480 832 480 0
w 896 480 960 480 0
209 832 480 896 480 0 0.00001 0.000999999282556896 0.001 1
w 624 336 864 336 0
w 608 576 656 576 0
R 240 704 240 752 0 0 40 -12 0 0 0.5
r 240 704 240 656 0 100000
r 192 720 192 672 0 72000
g 192 720 192 736 0 0
w 240 656 224 608 0
w 224 608 192 672 0
w 224 608 288 608 2
o 0 512 0 36874 20 0.1 0 2 0 3
o 77 1024 0 36874 10 0.1 1 2 77 3
o 29 512 0 36874 5 0.1 2 2 29 3
