$ 1 0.000005 263.0686190299136 94 5 43 5e-11
a 528 320 624 320 8 15 -15 1000000 1.652435003928869e-16 1.6524515282789083e-16 100000
d 384 400 448 400 2 default
r 448 400 448 480 0 100000
g 448 480 448 496 0 0
R 384 400 304 400 1 2 1000 2.5 2.5 0 0.5
w 528 304 528 256 0
w 528 256 624 256 0
w 624 256 624 320 0
r 624 336 624 416 0 1000
w 624 336 624 320 0
207 624 416 624 496 4 CLOCK\sOUT
w 624 320 704 320 0
163 704 288 848 288 6 10 5 0 0 0 0 0 0 0 0 0
r 880 384 928 384 0 100000
w 768 352 768 384 0
g 768 384 768 416 0 0
w 880 384 768 384 0
w 928 384 1024 384 0
w 1024 384 1024 352 0
d 1024 432 1024 384 2 default
r 1024 512 1024 464 0 100000
g 1024 512 1024 528 0 0
c 1024 448 976 448 0 0.00001 0.001 0.001
w 1024 464 1024 448 0
w 1024 448 1024 432 0
w 976 448 944 448 0
207 944 448 896 448 4 RESET\sIN
d 1088 320 1088 384 2 default
w 1088 384 1024 384 0
w 1088 320 1088 256 0
w 1088 256 992 224 0
w 992 224 992 256 0
w 1104 256 1104 208 0
w 1104 208 864 208 0
w 864 208 864 256 0
x 1110 300 1203 303 4 12 COUNT\sSWITCH
x 1127 316 1189 319 4 12 4\s\a\s8\sSteps
t 672 -192 640 -192 0 1 -5.29580681434212 0.6336865536755831 100 default
r 640 -240 640 -288 0 1000
g 640 -176 640 -160 0 0
w 672 -192 672 -160 0
r 672 -160 672 -112 0 100000
w 736 176 736 256 0
R 640 -288 640 -304 0 0 40 12 0 0 0.5
R 704 -288 704 -304 0 0 40 12 0 0 0.5
r 736 -160 736 -112 0 100000
w 736 -192 736 -160 0
g 704 -176 704 -160 0 0
r 704 -240 704 -288 0 1000
t 736 -192 704 -192 0 1 -11.977748720552123 0.0000012077748876342375 100 default
t 800 -192 768 -192 0 1 -11.977748382589095 0.0000012077748353468884 100 default
r 768 -240 768 -288 0 1000
g 768 -176 768 -160 0 0
w 800 -192 800 -160 0
r 800 -160 800 -112 0 100000
R 768 -288 768 -304 0 0 40 12 0 0 0.5
t 864 -192 832 -192 0 1 -11.977742028570898 0.0000012077741960085748 100 default
r 832 -240 832 -288 0 1000
g 832 -176 832 -160 0 0
w 864 -192 864 -160 0
r 864 -160 864 -112 0 100000
R 832 -288 832 -304 0 0 40 12 0 0 0.5
R 896 -288 896 -304 0 0 40 12 0 0 0.5
r 928 -160 928 -112 0 100000
w 928 -192 928 -160 0
g 896 -176 896 -160 0 0
r 896 -240 896 -288 0 1000
t 928 -192 896 -192 0 1 -11.977722788015845 0.0000012077722720848718 100 default
R 960 -288 960 -304 0 0 40 12 0 0 0.5
r 992 -160 992 -112 0 100000
w 992 -192 992 -160 0
g 960 -176 960 -160 0 0
r 960 -240 960 -288 0 1000
t 992 -192 960 -192 0 1 -11.9777259426209 0.000001207772592551833 100 default
R 1024 -288 1024 -304 0 0 40 12 0 0 0.5
r 1056 -160 1056 -112 0 100000
w 1056 -192 1056 -160 0
g 1024 -176 1024 -160 0 0
r 1024 -240 1024 -288 0 1000
t 1056 -192 1024 -192 0 1 -11.977731528838563 0.000001207773146468826 100 default
R 1088 -288 1088 -304 0 0 40 12 0 0 0.5
r 1120 -160 1120 -112 0 100000
w 1120 -192 1120 -160 0
g 1088 -176 1088 -160 0 0
r 1088 -240 1088 -288 0 1000
t 1120 -192 1088 -192 0 1 -11.977735864366094 0.000001207773578026182 100 default
w 768 256 768 144 0
w 800 256 800 112 0
w 832 256 832 80 0
w 864 208 864 48 0
w 896 256 896 96 0
w 928 256 928 128 0
w 960 256 960 160 0
w 736 176 672 -112 0
w 736 -112 768 144 0
w 800 112 800 -112 0
w 832 80 864 -112 0
w 864 48 928 -112 0
w 736 176 576 176 0
w 768 144 576 144 0
w 800 112 576 112 0
w 832 80 576 80 0
w 864 48 576 48 0
w 928 16 992 -112 0
w 928 16 576 16 0
w 928 128 1008 -16 0
w 1008 -16 1056 -112 0
w 1008 -16 576 -16 0
w 960 160 1088 -48 0
w 1088 -48 1120 -112 0
w 1088 -48 576 -48 0
s 576 -48 496 -48 0 1 false
s 576 -16 496 -16 0 1 false
s 576 16 496 16 0 1 false
s 576 48 496 48 0 1 false
s 576 176 496 176 0 0 false
s 576 144 496 144 0 0 false
s 576 112 496 112 0 0 false
s 576 80 496 80 0 0 false
d 496 -48 448 -48 2 default
d 496 -16 448 -16 2 default
d 496 16 448 16 2 default
d 496 48 448 48 2 default
d 496 80 448 80 2 default
d 496 112 448 112 2 default
d 496 144 448 144 2 default
d 496 176 448 176 2 default
w 448 176 448 144 0
w 448 144 448 112 0
w 448 112 448 80 0
w 448 80 448 48 0
w 448 48 448 16 0
w 448 16 448 -16 0
w 448 -16 448 -48 0
w 448 -48 448 -80 0
368 448 -80 448 -128 0 0
w 448 48 416 48 0
r 416 48 368 48 0 100000
w 528 256 368 256 0
w 368 256 368 160 0
d 368 96 368 160 2 default
w 368 96 368 48 0
w 368 48 320 48 0
w 320 48 320 96 0
r 320 160 320 96 0 100000
g 320 160 320 176 0 0
t 304 48 272 48 0 1 -11.715906442225359 0.2840655687113293 100 default
w 272 32 272 0 0
R 272 0 272 -16 0 0 40 12 0 0 0.5
w 272 64 240 64 0
r 240 64 192 64 0 200
r 272 64 272 160 0 4700
w 320 48 304 48 0
g 272 160 272 176 0 0
w 192 64 176 64 0
207 176 64 112 64 4 GATE_OUT
w 1088 -48 1248 -96 0
174 1248 -96 1312 -96 1 100000 0.9752000000000001 Q7
w 1248 -48 1008 -16 0
w 928 16 1248 0 0
w 1248 48 864 48 0
w 896 96 928 16 0
w 832 80 1248 96 0
w 1248 144 800 112 0
w 1248 192 768 144 0
w 736 176 1248 240 0
174 1248 -48 1312 -48 1 100000 0.7772000000000001 Q6
174 1248 0 1312 0 1 100000 0.6188 Q5
174 1248 48 1312 48 1 100000 0.5 Q4
174 1248 96 1312 96 1 100000 0.3713 Q3
174 1248 144 1312 144 1 100000 0.27230000000000004 Q2
174 1248 192 1312 192 1 100000 0.18320000000000003 Q1
174 1248 240 1312 240 1 100000 0.005 Q0
g 1312 -96 1328 -96 0 0
g 1312 -48 1328 -48 0 0
g 1312 0 1328 0 0 0
g 1312 48 1328 48 0 0
g 1312 96 1328 96 0 0
g 1312 144 1328 144 0 0
g 1312 192 1328 192 0 0
g 1312 240 1328 240 0 0
w 1280 -112 1344 -112 0
w 1280 -64 1344 -64 0
w 1280 -16 1344 -16 0
w 1280 128 1344 128 0
w 1280 80 1344 80 0
w 1280 32 1344 32 0
d 1344 -112 1392 -112 2 default
d 1344 -64 1392 -64 2 default
d 1344 -16 1392 -16 2 default
d 1344 32 1392 32 2 default
d 1344 80 1392 80 2 default
d 1344 128 1392 128 2 default
d 1344 176 1392 176 2 default
d 1344 224 1392 224 2 default
w 1280 176 1344 176 0
w 1344 224 1280 224 0
w 1392 224 1392 176 0
w 1392 176 1392 128 0
w 1392 128 1392 80 0
w 1392 80 1392 32 0
w 1392 32 1392 -16 0
w 1392 -16 1392 -64 0
w 1392 -64 1392 -112 0
368 1392 -112 1392 -176 0 0
w 1392 80 1456 80 0
r 1456 80 1536 80 0 68000
S 1536 112 1536 160 0 0 false 0 2
w 1536 112 1536 80 0
r 1504 176 1504 240 0 51000
r 1568 176 1568 240 0 18000
w 1504 176 1520 160 0
w 1552 160 1568 176 0
174 1504 240 1472 288 1 5000 0.5 Resistance
174 1568 304 1584 256 1 2000 0.9356000000000001 Resistance
w 1472 272 1472 304 0
w 1472 304 1504 304 0
w 1504 304 1536 304 0
w 1536 304 1568 304 0
w 1568 304 1584 304 0
w 1584 304 1584 272 0
g 1536 304 1536 320 0 0
x 1460 41 1607 44 4 18 Max\sRange\sSelect
x 1466 183 1488 186 4 18 5V
x 1582 188 1619 191 4 18 2.5V
w 1536 80 1664 80 0
a 1664 64 1760 64 8 15 -15 1000000 0.9784706246961768 0.9784804094024239 100000
w 1664 48 1664 0 0
w 1664 0 1760 0 0
w 1760 0 1760 64 0
r 1760 64 1840 64 0 1000
207 1840 64 1936 64 4 CV_OUT
x 491 -87 589 -84 4 12 GATE\sSWITCHES
S 528 336 448 336 0 0 false 0 2
w 448 400 448 352 0
w 448 320 320 320 0
x 252 439 354 442 4 18 EXT\sCLOCK
x 92 196 138 199 4 18 RATE
a 96 320 192 320 8 15 -15 1000000 4.628777235799241 -7.500606461684875 100000
w 96 304 80 304 0
w 80 304 80 256 0
w 96 336 80 336 0
w 80 336 80 384 0
r 80 384 16 384 0 10000
r 176 384 112 384 0 10000
w 80 384 112 384 0
w 176 384 192 384 0
w 192 384 192 320 0
c 80 256 16 256 0 0.000001 4.628777235799241 0.001
g 16 256 0 256 0 0
g 16 384 0 384 0 0
w 80 256 96 256 0
r 96 256 160 256 0 500
174 160 256 224 256 1 10000 0.1337 RATE
w 192 240 192 224 0
w 192 224 224 224 0
w 224 224 224 256 0
w 192 320 224 320 0
w 224 320 224 256 0
w 224 320 320 320 0
162 640 -240 640 -208 2 default-led 1 0 0 0.01
162 704 -240 704 -208 2 default-led 1 0 0 0.01
162 768 -240 768 -208 2 default-led 1 0 0 0.01
162 832 -240 832 -208 2 default-led 1 0 0 0.01
162 896 -240 896 -208 2 default-led 1 0 0 0.01
162 960 -240 960 -208 2 default-led 1 0 0 0.01
162 1024 -240 1024 -208 2 default-led 1 0 0 0.01
162 1088 -240 1088 -208 2 default-led 1 0 0 0.01
x 835 -328 882 -325 4 18 STEP
s 1216 384 1136 384 0 0 false
d 1136 384 1088 384 2 default
w 1104 256 1216 256 0
w 1216 256 1216 384 0
o 135 2 0 45067 4.740177968478605 4.740177968478605 0 6 135 3 204 0 204 3 231 0 231 3
o 259 16 0 45067 15.001499118959602 0.0001 1 2 259 3
o 135 16 0 36875 5 6.4 2 2 135 3
