$ 1 0.000015625 382.76258214399064 99 5 43 5e-11
207 816 576 880 576 4 TRIANGLE
207 848 496 912 496 4 SQUARE
r 304 608 304 656 0 22000
w 304 608 304 560 0
w 672 480 640 480 0
w 672 528 768 528 0
w 672 512 672 528 0
w 768 576 816 576 0
w 672 624 672 592 0
w 768 624 672 624 0
w 768 576 768 624 0
w 400 560 672 560 0
w 480 544 480 576 0
a 672 576 768 576 9 15 -15 1000000 -1.8536173811396373 -1.8536359173134487 100000
a 672 496 768 496 9 15 -15 1000000 -15.000000016461543 -15.000314631896 100000
w 640 672 528 672 0
w 640 544 640 672 0
r 432 672 528 672 0 51000
w 336 672 432 672 0
R 480 608 480 624 0 0 40 -12 0 0 0.5
r 480 576 480 608 0 100000
w 640 544 640 480 0
w 608 544 640 544 0
w 480 544 480 464 0
w 544 544 480 544 0
r 608 544 544 544 0 100000
R 480 384 480 352 0 0 40 12 0 0 0.5
r 480 384 480 464 0 100000
r 544 464 480 464 0 51000
w 544 496 464 496 0
a 544 480 640 480 9 15 -15 1000000 -1.8536359173134487 -5.000104877298666 100000
368 96 496 96 432 0 0
w 400 496 464 496 0
g 240 688 240 704 0 0
w 240 688 240 656 0
w 304 688 240 688 0
t 336 672 304 672 0 1 -17.065364016735693 -15.000313748761272 100 default
w 240 560 240 480 0
r 240 560 240 656 0 51000
w 304 560 304 512 0
c 400 560 304 560 0 3.3e-9 -3.9186866083569827 0.001
w 400 496 400 560 0
207 96 496 48 496 4 CV\sIN
w 112 496 96 496 0
w 112 512 128 512 0
w 112 496 112 512 0
w 112 480 112 496 0
w 128 480 112 480 0
r 192 512 128 512 0 50000.5
w 224 512 192 512 0
w 304 512 224 512 0
r 192 480 128 480 0 60000.8
w 240 480 192 480 0
w 304 480 240 480 0
a 304 496 400 496 9 15 -15 1000000 2.0650506910435342 2.0650321546843613 100000
x 222 184 786 187 4 36 VCO\s-\sVoltage\sControlled\sOscillator
x 42 220 141 223 4 16 \p/-\sFrequency
x 16 191 180 194 4 24 Control\sVoltage
207 208 304 208 352 4 CV\sIN
211 480 256 592 256 0 1 8000 1
207 480 256 400 256 4 SQUARE
211 480 288 592 288 0 1 8000 1
207 480 288 400 288 4 TRIANGLE
174 64 336 32 288 1 1000 0.9554000000000001 CV (Fine Tune)
174 96 272 128 336 1 1000 0.6089000000000001 CV (Course Tune)
g 80 336 80 352 0 0
w 64 336 80 336 0
w 80 336 96 336 0
w 96 272 80 272 0
w 80 272 64 272 0
R 80 272 80 240 0 0 40 12 0 0 0.5
r 48 384 112 384 0 100000
w 48 384 16 384 0
w 16 384 16 304 0
w 16 304 32 304 0
r 128 304 160 304 0 10000
w 112 384 160 384 0
w 160 384 160 304 0
w 160 304 208 304 2
w 768 528 768 496 0
r 848 496 848 432 0 5000.75
g 848 432 848 416 0 0
r 848 496 768 496 0 10000
o 1 1 0 36875 10 0.00009765625 0 2 1 3
o 0 4 0 36875 10 0.00009765625 1 2 0 3
