$ 1 0.000005 382.76258214399064 99 5 43 5e-11
r 688 496 688 384 0 10000
t 688 384 736 384 0 1 0.5956815452477776 0.6386481178165118 100 default
r 736 288 736 224 0 1000
r 832 288 832 224 0 1000
t 784 384 832 384 0 1 0.593925391259648 0.6379896997826756 100 default
r 784 496 784 384 0 10000
w 736 400 832 400 0
w 832 400 928 400 0
r 880 496 880 384 0 10000
t 880 384 928 384 0 1 0.5920601909396717 0.6373201721693527 100 default
r 928 288 928 224 0 1000
w 928 400 1024 400 0
r 976 496 976 384 0 10000
t 976 384 1024 384 0 1 0.5900716415637911 0.6366394392926453 100 default
r 1024 288 1024 224 0 1000
w 736 224 832 224 0
w 832 224 928 224 0
w 928 224 1024 224 0
w 1312 224 1408 224 0
w 1216 224 1312 224 0
w 1120 224 1216 224 0
r 1408 288 1408 224 0 1000
t 1360 384 1408 384 0 1 0.5804711809102996 0.6338045395333542 100 default
r 1360 496 1360 384 0 10000
w 1312 400 1408 400 0
r 1312 288 1312 224 0 1000
162 1312 288 1312 368 2 default-led 1 1 0 0.01
t 1264 384 1312 384 0 1 0.5831720836230595 0.63452985975261 100 default
r 1264 496 1264 384 0 10000
w 1216 400 1312 400 0
w 1120 400 1216 400 0
r 1168 496 1168 384 0 10000
t 1168 384 1216 384 0 1 0.5856513788242022 0.6352442292381124 100 default
r 1216 288 1216 224 0 1000
r 1120 288 1120 224 0 1000
t 1072 384 1120 384 0 1 0.5879424395265459 0.6359474535618849 100 default
r 1072 496 1072 384 0 10000
w 1024 400 1120 400 0
w 1024 224 1120 224 0
409 304 208 368 208 1 0.6 -0.4545691874556983 0.0231 0
r 304 192 240 192 0 100000
g 240 192 208 192 0 0
r 304 112 368 112 0 50000
w 368 112 368 208 0
w 304 192 288 112 0
w 288 112 304 112 0
w 368 208 464 208 2
R 336 176 336 160 0 0 40 12 0 0 0.5
R 336 240 336 256 0 0 40 -12 0 0 0.5
r 224 272 272 272 0 100000
w 272 272 304 224 0
w 1776 224 1872 224 0
w 1776 400 1872 400 0
r 1824 496 1824 384 0 10000
t 1824 384 1872 384 0 1 0.5614723404143436 0.6300316215623161 100 default
162 1872 288 1872 368 2 default-led 1 0 0 0.01
r 1872 288 1872 224 0 1000
r 1968 288 1968 224 0 1000
162 1968 288 1968 368 2 default-led 1 0 0 0.01
t 1920 384 1968 384 0 1 0.5556854965968304 0.6292546754243715 100 default
r 1920 496 1920 384 0 10000
w 1872 400 1968 400 0
w 1968 400 2064 400 0
r 2016 496 2016 384 0 10000
t 2016 384 2064 384 0 1 0.5485482029082699 0.6284739482016449 100 default
162 2064 288 2064 368 2 default-led 1 0 0 0.01
r 2064 288 2064 224 0 1000
w 2064 400 2160 400 0
r 2112 496 2112 384 0 10000
t 2112 384 2160 384 0 1 0.5392427617010913 0.6276910932030989 100 default
162 2160 288 2160 368 2 default-led 1 0 0 0.01
r 2160 288 2160 224 0 1000
w 1872 224 1968 224 0
w 1968 224 2064 224 0
w 2064 224 2160 224 0
R 2160 224 2160 128 0 0 40 5 0 0 0.5
w 1680 224 1776 224 0
w 1584 224 1680 224 0
w 1488 224 1584 224 0
g 2352 400 2352 416 0 0
r 1776 288 1776 224 0 1000
162 1776 288 1776 368 2 default-led 1 0 0 0.01
t 1728 384 1776 384 0 1 0.5663370148047072 0.6308029155687422 100 default
r 1728 496 1728 384 0 10000
w 1680 400 1776 400 0
r 1680 288 1680 224 0 1000
162 1680 288 1680 368 2 default-led 1 0 0 0.01
t 1632 384 1680 384 0 1 0.5705319229030963 0.6315669605589764 100 default
r 1632 496 1632 384 0 10000
w 1584 400 1680 400 0
w 1488 400 1584 400 0
r 1536 496 1536 384 0 10000
t 1536 384 1584 384 0 1 0.5742183410444806 0.6323225014426764 100 default
162 1584 288 1584 368 2 default-led 1 0 0 0.01
r 1584 288 1584 224 0 1000
r 1488 288 1488 224 0 1000
t 1440 384 1488 384 0 1 0.5775055875340217 0.6330685914906083 100 default
r 1440 496 1440 384 0 10000
w 1408 400 1488 400 0
w 1408 224 1488 224 0
162 736 288 736 368 2 default-led 0 0 1 0.01
162 832 288 832 368 2 default-led 0 0 1 0.01
162 928 288 928 368 2 default-led 0 0 1 0.01
162 1024 288 1024 368 2 default-led 0 0 1 0.01
162 1120 288 1120 368 2 default-led 0 0 1 0.01
162 1216 288 1216 368 2 default-led 0 0 1 0.01
162 1408 288 1408 368 2 default-led 1 1 0 0.01
162 1488 288 1488 368 2 default-led 1 1 0 0.01
x 703 165 760 168 4 24 -vRef
x 1400 176 1413 179 4 24 0
174 304 448 352 544 1 1000 0.9950000000000001 Resistance
w 144 272 224 272 0
R 304 544 304 592 0 0 40 12 0 0 0.5
R 304 448 304 400 0 0 40 0 0 0 0.5
p 144 272 192 368 1 0 0
w 2256 224 2352 224 0
w 2160 224 2256 224 0
r 2352 288 2352 224 0 1000
162 2352 288 2352 368 2 default-led 1 0 0 0.01
t 2304 384 2352 384 0 1 0.502157209018256 0.6260962719644446 100 default
r 2304 496 2304 384 0 10000
w 2256 400 2352 400 0
r 2256 288 2256 224 0 1000
162 2256 288 2256 368 2 default-led 1 0 0 0.01
t 2208 384 2256 384 0 1 0.5258808702346962 0.6269050715640353 100 default
r 2208 496 2208 384 0 10000
w 2160 400 2256 400 0
w 560 496 352 496 2
w 688 608 800 608 0
209 800 608 800 704 0 0.000004 1.291054349364291 0.001 1
g 800 704 800 720 0 0
d 576 608 688 608 2 default
d 576 704 576 608 2 default
g 576 704 576 736 0 0
209 576 608 464 608 0 0.000024 8.619073724002906 0.001 12
R 256 688 256 784 0 1 1000 12 0 0 0.5
d 560 496 688 496 2 1N4004
d 688 496 784 496 2 1N4004
d 784 496 880 496 2 1N4004
d 880 496 976 496 2 1N4004
d 976 496 1072 496 2 1N4004
d 1072 496 1168 496 2 1N4004
d 1168 496 1264 496 2 1N4004
d 1264 496 1360 496 2 1N4004
d 1360 496 1440 496 2 1N4004
d 1440 496 1536 496 2 1N4004
d 1536 496 1632 496 2 1N4004
d 1632 496 1728 496 2 1N4004
d 1728 496 1824 496 2 1N4004
d 1824 496 1920 496 2 1N4004
d 1920 496 2016 496 2 1N4004
d 2016 496 2112 496 2 1N4004
d 2112 496 2208 496 2 1N4004
d 2208 496 2304 496 2 1N4004
o 46 1 0 45066 10.840545820035047 0.0001 0 2 46 3
