$ 1 0.000015625 382.76258214399064 99 5 43 5e-11
r 304 224 304 304 0 10000
g 304 304 304 320 0 0
r 368 224 368 304 0 10000
r 432 224 432 304 0 10000
207 368 304 368 336 4 vref
207 432 304 432 336 4 vref
d 368 224 432 224 2 default
c 304 224 368 224 0 1.0000000000000001e-7 -5.000470299155012 0.001
w 304 224 208 224 0
207 208 224 176 224 4 gate
w 512 224 432 224 0
w 512 256 480 256 0
w 480 256 480 320 0
w 592 240 640 240 0
w 640 240 640 320 0
c 480 320 560 320 0 1.0000000000000001e-7 -0.001249624207736666 0.001
c 560 320 640 320 0 1.0000000000000001e-7 -0.01731415442324291 0.001
r 560 320 560 384 0 220
174 560 384 576 448 1 10000 0.9554000000000001 Resistance
207 560 448 560 480 4 vref
w 560 448 592 448 0
w 592 448 592 416 0
w 592 416 576 416 0
w 480 320 480 512 0
w 640 320 640 512 0
r 640 512 480 512 0 1000000
w 480 512 480 544 0
r 480 544 560 544 0 360000
r 560 544 640 544 0 360000
w 640 544 640 512 0
c 560 544 560 608 0 1.0000000000000001e-7 0.012158604478072377 0.001
r 560 608 560 656 0 47000
174 560 656 576 720 1 100000 0.1337 Resistance
w 576 688 592 688 0
w 592 688 592 720 0
w 592 720 560 720 0
207 560 720 560 752 4 vref
r 640 240 720 240 0 4700
209 720 240 784 240 0 0.000044 5.028295838518156 0.001 1
r 784 240 784 304 0 220
g 784 304 784 320 0 0
w 784 240 848 240 0
207 848 240 896 240 4 gate
211 848 240 848 208 0 1 8000 1
s 288 592 352 592 0 1 true
207 352 592 384 592 4 gate
207 288 592 240 592 4 vref
R 288 592 288 656 0 0 40 5 0 0 0.5
409 512 240 592 240 3 0.6 -4.398474671170014 0.023100000000000002 0
R 544 208 544 192 0 0 40 9 0 0 0.5
g 544 272 560 272 0 0
o 42 4 0 45067 0.0007149968959644311 0.0001 0 2 42 3
