$ 1 0.0000026041666666666666 382.76258214399064 99 5 43 5e-11
165 352 352 368 352 6 0
g 480 512 480 528 0 0
R 416 320 416 304 0 0 40 5 0 0 0.5
c 352 448 304 448 0 2.2e-7 2.0851808441564144 0.001
g 304 448 288 448 0 0
R 416 544 416 576 0 0 40 5 0 0 0.5
w 480 416 528 416 0
c 416 544 416 512 0 2.2e-7 1.6666666666664338 0.001
174 304 288 336 336 1 100000 0.9653 FREQ1
w 336 320 336 288 0
w 336 288 304 288 0
R 304 288 304 272 0 0 40 5 0 0 0.5
w 352 480 336 480 0
r 256 384 304 384 0 16000
R 480 384 496 384 0 0 40 5 0 0 0.5
w 352 480 352 448 0
w 256 384 240 384 0
w 240 480 336 480 0
w 304 352 304 384 0
w 304 384 352 384 0
w 240 480 240 384 0
w 480 512 448 512 0
w 832 512 800 512 0
w 592 480 592 384 0
w 656 384 704 384 0
w 656 352 656 384 0
w 592 480 688 480 0
w 608 384 592 384 0
w 704 480 704 448 0
R 832 384 848 384 0 0 40 5 0 0 0.5
r 608 384 656 384 0 3000
w 704 480 688 480 0
R 656 288 656 272 0 0 40 5 0 0 0.5
w 688 288 656 288 0
w 688 320 688 288 0
174 656 288 688 336 1 10000 0.9257000000000001 FREQ2
c 768 544 768 512 0 2.2e-7 1.6666666666664338 0.001
w 832 416 896 416 0
R 768 544 768 576 0 0 40 5 0 0 0.5
g 656 448 640 448 0 0
c 704 448 656 448 0 1.5000000000000002e-7 3.03557796044644 0.001
R 768 320 768 304 0 0 40 5 0 0 0.5
g 832 512 832 528 0 0
165 704 352 720 352 6 4.999999950000001
165 1040 336 1056 336 6 4.999999950000001
g 1168 496 1168 512 0 0
R 1104 304 1104 288 0 0 40 5 0 0 0.5
c 1040 432 992 432 0 2.2e-7 2.6617716506381153 0.001
g 992 432 976 432 0 0
R 1104 528 1104 560 0 0 40 5 0 0 0.5
w 1168 400 1216 400 0
c 1104 528 1104 496 0 2.2e-7 1.6666666666664338 0.001
R 992 272 992 256 0 0 40 5 0 0 0.5
w 1040 464 1024 464 0
r 944 368 992 368 0 10000
R 1168 368 1184 368 0 0 40 5 0 0 0.5
w 1040 464 1040 432 0
w 944 368 928 368 0
w 928 464 1024 464 0
w 992 336 992 368 0
w 992 368 1040 368 0
w 928 464 928 368 0
w 1168 496 1136 496 0
r 992 336 992 272 0 10000
154 1232 128 1328 128 0 3 0 5
w 528 416 528 112 0
w 528 112 1232 112 0
w 1232 128 896 128 0
w 896 128 896 416 0
w 1216 400 1216 144 0
w 1216 144 1232 144 0
w 1328 128 1360 128 0
x 970 -19 1313 -16 4 30 Hi-Hat\s/\sCymbal\s/\sCowbell
d 1696 128 1648 128 2 default
d 1696 128 1760 128 2 default
r 1696 128 1696 208 0 10000
c 1696 208 1696 288 0 0.00001 1.8009427316794944 0.001
g 1696 288 1696 320 0 0
w 1696 208 1760 208 0
r 1760 208 1760 288 0 10000
g 1808 368 1808 416 0 0
w 1760 368 1760 352 0
w 1808 368 1760 368 0
w 1808 320 1808 368 0
174 1760 288 1792 336 1 100000 0.9356000000000001 DECAY
d 1616 208 1696 208 2 default
d 1616 288 1616 208 2 default
g 1616 288 1616 320 0 0
c 1616 208 1552 208 0 0.00001 -4.0505767982366025 0.001
w 1360 128 1648 128 0
R 1424 208 1376 208 0 0 40 5 0 0 0.5
s 1424 208 1472 208 0 1 true
w 1472 208 1552 208 0
211 1952 112 2032 112 0 20 48000 1
a 1824 112 1952 112 8 15 -15 1000000 0.12275357488144342 0.12275480241719224 100000
w 1824 96 1824 48 0
w 1824 48 1952 48 0
w 1952 48 1952 112 0
r 1824 128 1824 192 0 10000
g 1824 192 1824 208 0 0
w 1824 128 1760 128 0
w 1808 320 1792 320 0
o 93 4 0 36874 2.5 0.1 0 1
