$ 3 0.000002834467120181406 382.76258214399064 99 5 43 5e-11
r 1912 208 1912 144 0 22000
r 1912 208 1912 272 0 1000
g 1912 272 1912 288 0 0
R 1912 144 1912 128 0 0 40 12 0 0 0.5
w 1912 208 1960 208 0
w 1960 208 1960 320 0
a 1960 336 2040 336 8 15 -15 1000000 0.5217391304347826 -0.015000038355348218 100000
r 1928 352 1848 352 0 1000
w 1928 352 1960 352 0
r 1848 352 1848 416 0 47000
g 1848 416 1848 432 0 0
w 1848 352 1784 352 0
207 1784 352 1736 352 4 GATE
w 1928 352 1928 400 0
r 1928 400 2040 400 0 1000000
w 2040 400 2040 336 0
w 2040 336 2088 336 0
c 2088 336 2152 336 0 1e-8 -7.499724263763206 0.001
w 2152 336 2168 336 0
r 2168 336 2168 384 0 1000000
g 2168 384 2168 400 0 0
a 2168 240 2248 240 8 15 -15 1000000 -0.9178702263211755 -7.500329395153674 100000
w 2168 256 2168 336 0
w 2168 224 2168 192 0
r 2168 336 2248 336 0 1000000
w 2248 336 2248 240 0
r 2248 240 2344 240 0 1000
r 2248 336 2352 336 0 10000
w 2040 400 2040 480 0
w 2040 480 2216 480 0
r 2216 480 2296 480 0 100000
t 2296 480 2344 480 0 -1 -0.5455365026850582 0.010979973316384117 100 default
g 2344 496 2344 512 0 0
w 2344 464 2424 464 0
174 2424 464 2488 448 1 500000 0.9950000000000001 RELEASE
w 2456 448 2456 432 0
w 2456 432 2424 432 0
w 2424 432 2424 464 0
209 2520 464 2520 528 0 0.000009999999999999999 -0.9178794050234387 0.001 12
g 2520 528 2520 544 0 0
w 2520 464 2488 464 0
d 2344 240 2440 240 2 default
r 2432 336 2504 336 0 4700
d 2488 400 2408 400 2 default
w 2408 400 2392 400 0
174 2352 336 2432 368 1 10000 0.1337 SUSTAIN
w 2392 400 2392 368 0
R 2504 336 2520 336 0 0 40 12 0 0 0.5
174 2488 400 2576 432 1 500000 0.9950000000000001 DECAY
174 2456 240 2536 272 1 100000 0.9950000000000001 ATTACK
w 2496 272 2440 272 0
w 2440 272 2440 240 0
w 2584 400 2584 240 0
w 2536 240 2584 240 0
w 2520 464 2584 464 0
w 2584 464 2584 400 0
a 2632 224 2712 224 8 15 -15 1000000 -0.9178702263211755 -0.9178794050234387 100000
w 2632 240 2584 240 0
w 2168 192 2632 192 0
w 2632 192 2632 208 0
w 2632 192 2632 160 0
w 2632 160 2712 160 0
w 2712 160 2712 224 0
a 2744 240 2856 240 9 15 -15 1000000 -0.9178590868495304 -0.9178702263211755 100000
w 2744 224 2712 224 0
r 2744 304 2744 368 0 22000
g 2744 368 2744 384 0 0
w 2744 304 2744 256 0
r 2744 304 2856 304 0 4700
w 2856 304 2856 240 0
w 2536 432 2488 432 0
w 2488 432 2488 400 0
207 2856 240 2904 240 4 Envelope
x 2463 218 2507 221 4 16 Attack
x 2367 309 2420 312 4 16 Sustain
x 2512 372 2557 375 4 16 Decay
x 2421 497 2479 500 4 16 Release
w 1496 392 1504 424 0
165 1432 344 1440 344 5 -0.000014984734786686087
w 1432 360 1424 360 0
w 1424 360 1424 408 0
w 1424 408 1432 408 0
c 1424 408 1424 472 0 0.000019999999999999998 0.04950495049505127 0.001
w 1424 360 1424 328 0
r 1424 328 1424 272 0 1000
r 1384 328 1384 272 0 100
w 1384 328 1384 392 0
w 1384 392 1432 392 0
c 1384 392 1344 392 0 0.00001 4.999999999999175 0.001
L 1344 392 1208 392 0 0 true 5 0
w 1384 272 1424 272 0
w 1424 272 1464 272 0
w 1464 272 1464 328 0
R 1384 272 1320 272 0 0 40 5 0 0 0.5
g 1424 472 1424 488 0 0
w 1496 376 1496 392 0
c 1496 392 1544 392 0 0.00001 -5.000014984733472 0.001
w 1544 392 1544 328 0
r 1544 272 1544 328 0 100
w 1464 272 1544 272 0
w 1464 328 1496 328 0
w 1496 328 1496 360 0
g 1480 424 1480 432 0 0
x 1334 214 1498 217 4 16 Gate\sControl\s(External)
207 1504 424 1600 424 4 GATE
w 2456 240 2440 240 0
b 1176 176 1652 529 0
b 1675 120 2921 642 0
x 1739 66 2027 69 4 24 ADSR\sEnvelope\sGenerator
x 2046 585 2621 588 4 18 ADSR\sPotentiometers\svalues\scan\sbe\schanged\sto\sspeed\sup\sor\sslow\sdown
403 1424 560 1656 760 0 104_4_0_36874_0.0001_0.0001_-1_2_104_3_GATE
o 72 128 0 36874 11.051230539962688 0.0001 0 2 72 3
